#N canvas 466 -257 615 419 10;
#X obj 23 279 send octave-power;
#X obj 24 105 hradio 40 1 0 12 empty empty Pitch_Class 0 -20 0 18 -262144
-1 -1 5;
#X obj 23 236 hradio 30 1 0 3 empty empty Octave 0 -10 0 12 -262144
-1 -1 1;
#N canvas 583 -98 685 523 tone-generator 1;
#X obj 139 457 dac~;
#X obj 138 273 mtof;
#X floatatom 139 249 5 0 0 0 - - -, f 5;
#X obj 139 220 + 56;
#X obj 122 144 t b b f;
#X obj 272 377 line~;
#X obj 272 319 receive start;
#X msg 272 348 \$1 10;
#X obj 139 428 *~;
#X msg 204 115 \; start 0 \;;
#X obj 122 63 route 2 1 0;
#X obj 24 171 receive pitchclass;
#X obj 122 36 receive octave-power;
#X floatatom 94 304 5 0 0 0 - - -, f 5;
#X msg 203 188 \; start 0.4 \;;
#N canvas 0 22 450 278 (subpatch) 0;
#X array waveform 2051 float 3;
#A 0 -0.00523467 0 0.00523467 0.0104692 0.0157033 0.020937 0.0261699
0.031402 0.036633 0.0418629 0.0470913 0.0523182 0.0575434 0.0627667
0.067988 0.073207 0.0784235 0.0836375 0.0888488 0.0940571 0.0992624
0.104464 0.109663 0.114858 0.120049 0.125236 0.130419 0.135598 0.140773
0.145942 0.151107 0.156267 0.161422 0.166572 0.171716 0.176855 0.181988
0.187114 0.192235 0.19735 0.202458 0.207559 0.212654 0.217741 0.222822
0.227895 0.232961 0.23802 0.24307 0.248113 0.253148 0.258174 0.263193
0.268202 0.273203 0.278195 0.283178 0.288152 0.293117 0.298072 0.303018
0.307954 0.31288 0.317795 0.322701 0.327596 0.332481 0.337355 0.342219
0.347071 0.351912 0.356742 0.361561 0.366368 0.371164 0.375948 0.380719
0.385479 0.390226 0.394962 0.399684 0.404394 0.409091 0.413776 0.418447
0.423105 0.427749 0.432381 0.436999 0.441603 0.446193 0.450769 0.455331
0.459879 0.464413 0.468932 0.473437 0.477927 0.482402 0.486862 0.491307
0.495737 0.500152 0.504551 0.508935 0.513303 0.517655 0.521992 0.526312
0.530617 0.534905 0.539177 0.543433 0.547672 0.551894 0.5561 0.560289
0.564461 0.568616 0.572754 0.576875 0.580978 0.585064 0.589133 0.593184
0.597217 0.601233 0.60523 0.60921 0.613172 0.617115 0.621041 0.624948
0.628837 0.632707 0.636559 0.640392 0.644206 0.648002 0.651779 0.655537
0.659275 0.662995 0.666696 0.670378 0.67404 0.677683 0.681306 0.68491
0.688495 0.69206 0.695605 0.69913 0.702636 0.706122 0.709588 0.713034
0.71646 0.719866 0.723252 0.726617 0.729963 0.733288 0.736593 0.739877
0.743142 0.746385 0.749608 0.752811 0.755993 0.759155 0.762295 0.765415
0.768515 0.771593 0.774651 0.777688 0.780704 0.7837 0.786674 0.789627
0.79256 0.795471 0.798361 0.80123 0.804079 0.806906 0.809712 0.812497
0.81526 0.818003 0.820724 0.823424 0.826103 0.828761 0.831397 0.834012
0.836606 0.839179 0.84173 0.84426 0.846769 0.849257 0.851723 0.854168
0.856591 0.858993 0.861374 0.863734 0.866072 0.868389 0.870685 0.872959
0.875212 0.877444 0.879655 0.881844 0.884012 0.886159 0.888284 0.890389
0.892472 0.894534 0.896575 0.898594 0.900593 0.90257 0.904526 0.906462
0.908376 0.910269 0.912141 0.913992 0.915822 0.917631 0.919419 0.921187
0.922933 0.924659 0.926364 0.928048 0.929711 0.931354 0.932975 0.934577
0.936157 0.937717 0.939257 0.940776 0.942274 0.943752 0.94521 0.946647
0.948064 0.94946 0.950837 0.952193 0.953529 0.954845 0.95614 0.957416
0.958672 0.959908 0.961124 0.962319 0.963496 0.964652 0.965789 0.966906
0.968003 0.969081 0.970139 0.971178 0.972197 0.973197 0.974178 0.975139
0.976082 0.977005 0.977908 0.978793 0.979659 0.980506 0.981334 0.982143
0.982933 0.983705 0.984457 0.985192 0.985907 0.986605 0.987283 0.987944
0.988586 0.989209 0.989815 0.990402 0.990971 0.991522 0.992056 0.992571
0.993068 0.993548 0.99401 0.994454 0.99488 0.995289 0.995681 0.996055
0.996412 0.996751 0.997073 0.997378 0.997666 0.997937 0.99819 0.998427
0.998647 0.99885 0.999037 0.999206 0.999359 0.999496 0.999616 0.99972
0.999807 0.999878 0.999933 0.999971 0.999994 1 0.99999 0.999965 0.999924
0.999866 0.999793 0.999705 0.999601 0.999481 0.999346 0.999195 0.99903
0.998848 0.998652 0.99844 0.998214 0.997972 0.997715 0.997444 0.997157
0.996856 0.99654 0.99621 0.995865 0.995505 0.995131 0.994743 0.99434
0.993923 0.993491 0.993046 0.992586 0.992113 0.991625 0.991124 0.990608
0.990079 0.989536 0.98898 0.98841 0.987826 0.987229 0.986618 0.985994
0.985357 0.984707 0.984043 0.983366 0.982676 0.981973 0.981257 0.980528
0.979787 0.979032 0.978265 0.977485 0.976692 0.975887 0.97507 0.97424
0.973397 0.972542 0.971675 0.970796 0.969904 0.969001 0.968085 0.967157
0.966217 0.965266 0.964302 0.963327 0.962339 0.961341 0.96033 0.959308
0.958274 0.957229 0.956172 0.955104 0.954025 0.952934 0.951832 0.950719
0.949594 0.948459 0.947312 0.946154 0.944986 0.943806 0.942616 0.941414
0.940202 0.938979 0.937746 0.936502 0.935247 0.933982 0.932706 0.931419
0.930122 0.928815 0.927498 0.92617 0.924832 0.923483 0.922125 0.920756
0.919377 0.917988 0.916589 0.915181 0.913762 0.912333 0.910895 0.909446
0.907988 0.90652 0.905043 0.903556 0.902059 0.900552 0.899036 0.897511
0.895976 0.894432 0.892878 0.891315 0.889743 0.888161 0.88657 0.88497
0.883361 0.881742 0.880115 0.878478 0.876832 0.875178 0.873514 0.871842
0.87016 0.86847 0.866771 0.865063 0.863347 0.861621 0.859887 0.858145
0.856394 0.854634 0.852865 0.851088 0.849303 0.847509 0.845707 0.843896
0.842078 0.84025 0.838415 0.836571 0.834719 0.832859 0.83099 0.829114
0.827229 0.825337 0.823436 0.821528 0.819611 0.817687 0.815754 0.813814
0.811866 0.80991 0.807947 0.805975 0.803996 0.80201 0.800015 0.798013
0.796004 0.793987 0.791962 0.78993 0.787891 0.785844 0.78379 0.781728
0.779659 0.777583 0.7755 0.773409 0.771312 0.769207 0.767095 0.764976
0.76285 0.760717 0.758577 0.75643 0.754276 0.752115 0.749948 0.747773
0.745592 0.743405 0.74121 0.739009 0.736801 0.734587 0.732366 0.730138
0.727905 0.725664 0.723418 0.721165 0.718905 0.71664 0.714368 0.71209
0.709805 0.707515 0.705219 0.702916 0.700608 0.698293 0.695973 0.693646
0.691314 0.688976 0.686632 0.684283 0.681928 0.679567 0.677201 0.674829
0.672451 0.670068 0.66768 0.665286 0.662887 0.660483 0.658073 0.655659
0.653239 0.650814 0.648384 0.645948 0.643508 0.641063 0.638614 0.636159
0.633699 0.631235 0.628766 0.626293 0.623815 0.621332 0.618845 0.616354
0.613858 0.611358 0.608853 0.606345 0.603832 0.601315 0.598794 0.596269
0.59374 0.591207 0.588671 0.58613 0.583586 0.581038 0.578487 0.575932
0.573374 0.570812 0.568246 0.565678 0.563106 0.560531 0.557953 0.555372
0.552788 0.550201 0.547611 0.545018 0.542422 0.539824 0.537223 0.53462
0.532014 0.529406 0.526795 0.524182 0.521567 0.518949 0.51633 0.513708
0.511084 0.508459 0.505832 0.503203 0.500572 0.49794 0.495306 0.492671
0.490034 0.487396 0.484756 0.482116 0.479474 0.476832 0.474188 0.471544
0.468898 0.466252 0.463605 0.460958 0.45831 0.455662 0.453013 0.450364
0.447715 0.445066 0.442417 0.439767 0.437118 0.434469 0.431821 0.429172
0.426524 0.423877 0.42123 0.418584 0.415938 0.413294 0.41065 0.408007
0.405365 0.402725 0.400086 0.397448 0.394811 0.392176 0.389543 0.386911
0.384281 0.381653 0.379027 0.376402 0.37378 0.37116 0.368543 0.365927
0.363314 0.360704 0.358096 0.355491 0.352889 0.350289 0.347693 0.345099
0.342509 0.339922 0.337338 0.334757 0.33218 0.329607 0.327037 0.324471
0.321909 0.319351 0.316797 0.314247 0.311701 0.309159 0.306622 0.304089
0.301561 0.299037 0.296518 0.294004 0.291495 0.288991 0.286492 0.283998
0.281509 0.279026 0.276548 0.274076 0.271609 0.269148 0.266692 0.264243
0.2618 0.259362 0.256931 0.254506 0.252088 0.249675 0.24727 0.24487
0.242478 0.240092 0.237713 0.235341 0.232976 0.230619 0.228268 0.225924
0.223588 0.22126 0.218939 0.216625 0.21432 0.212022 0.209732 0.207449
0.205175 0.202909 0.200651 0.198402 0.196161 0.193928 0.191704 0.189488
0.187281 0.185083 0.182894 0.180714 0.178542 0.17638 0.174227 0.172083
0.169948 0.167823 0.165707 0.163601 0.161505 0.159418 0.15734 0.155273
0.153216 0.151168 0.149131 0.147104 0.145087 0.14308 0.141083 0.139097
0.137122 0.135157 0.133202 0.131258 0.129325 0.127403 0.125492 0.123591
0.121702 0.119823 0.117956 0.1161 0.114255 0.112421 0.110599 0.108788
0.106989 0.105201 0.103424 0.10166 0.0999068 0.0981656 0.0964362 0.0947186
0.0930129 0.0913192 0.0896375 0.0879678 0.0863101 0.0846647 0.0830314
0.0814104 0.0798016 0.0782051 0.0766211 0.0750494 0.0734901 0.0719434
0.0704091 0.0688875 0.0673784 0.065882 0.0643982 0.0629271 0.0614688
0.0600233 0.0585905 0.0571706 0.0557635 0.0543694 0.0529881 0.0516198
0.0502645 0.0489222 0.0475929 0.0462766 0.0449734 0.0436833 0.0424063
0.0411424 0.0398917 0.0386541 0.0374297 0.0362185 0.0350205 0.0338357
0.0326642 0.0315058 0.0303608 0.0292289 0.0281104 0.0270051 0.0259131
0.0248344 0.0237689 0.0227168 0.0216779 0.0206523 0.01964 0.018641
0.0176553 0.0166828 0.0157236 0.0147777 0.013845 0.0129256 0.0120194
0.0111264 0.0102467 0.00938014 0.00852678 0.00768659 0.00685955 0.00604565
0.00524487 0.00445718 0.00368258 0.00292102 0.0021725 0.00143699 0.000714466
4.89462e-06 -0.000691748 -0.00137549 -0.00204636 -0.00270439 -0.00334962
-0.00398207 -0.00460178 -0.00520878 -0.00580311 -0.00638482 -0.00695393
-0.00751048 -0.00805453 -0.0085861 -0.00910525 -0.00961201 -0.0101064
-0.0105886 -0.0110584 -0.0115161 -0.0119617 -0.0123951 -0.0128165 -0.0132259
-0.0136234 -0.0140089 -0.0143827 -0.0147447 -0.0150949 -0.0154335 -0.0157606
-0.016076 -0.01638 -0.0166726 -0.0169539 -0.0172238 -0.0174826 -0.0177302
-0.0179667 -0.0181922 -0.0184068 -0.0186105 -0.0188034 -0.0189856 -0.0191571
-0.0193181 -0.0194685 -0.0196086 -0.0197383 -0.0198577 -0.0199669 -0.0200661
-0.0201552 -0.0202344 -0.0203037 -0.0203632 -0.020413 -0.0204533 -0.020484
-0.0205053 -0.0205173 -0.02052 -0.0205135 -0.020498 -0.0204735 -0.0204401
-0.020398 -0.0203471 -0.0202876 -0.0202197 -0.0201433 -0.0200586 -0.0199657
-0.0198647 -0.0197557 -0.0196387 -0.019514 -0.0193816 -0.0192415 -0.0190939
-0.018939 -0.0187767 -0.0186073 -0.0184308 -0.0182473 -0.018057 -0.0178599
-0.0176561 -0.0174458 -0.0172291 -0.0170061 -0.0167768 -0.0165415 -0.0163001
-0.0160529 -0.0158 -0.0155414 -0.0152773 -0.0150078 -0.0147329 -0.0144529
-0.0141678 -0.0138778 -0.013583 -0.0132834 -0.0129793 -0.0126707 -0.0123577
-0.0120405 -0.0117192 -0.0113938 -0.0110647 -0.0107317 -0.0103951 -0.0100551
-0.00971161;
#A 1000 -0.00936488 -0.00901502 -0.00866214 -0.00830637 -0.00794782
-0.00758664 -0.00722293 -0.00685683 -0.00648845 -0.00611793 -0.00574539
-0.00537095 -0.00499474 -0.00461689 -0.00423752 -0.00385676 -0.00347473
-0.00309156 -0.00270737 -0.0023223 -0.00193647 -0.00155 -0.00116303
-0.000775677 -0.00038807 -3.35384e-07 0.000387399 0.000775006 0.00116236
0.00154933 0.0019358 0.00232163 0.00270671 0.00309089 0.00347406 0.0038561
0.00423686 0.00461624 0.00499409 0.0053703 0.00574474 0.00611729 0.00648781
0.00685619 0.0072223 0.00758601 0.0079472 0.00830575 0.00866153 0.00901441
0.00936428 0.00971101 0.0100545 0.0103946 0.0107311 0.0110641 0.0113933
0.0117186 0.0120399 0.0123571 0.0126701 0.0129788 0.0132829 0.0135825
0.0138773 0.0141674 0.0144524 0.0147324 0.0150073 0.0152768 0.0155409
0.0157996 0.0160525 0.0162997 0.016541 0.0167764 0.0170057 0.0172287
0.0174454 0.0176558 0.0178595 0.0180566 0.018247 0.0184305 0.018607
0.0187765 0.0189387 0.0190937 0.0192413 0.0193813 0.0195138 0.0196385
0.0197555 0.0198645 0.0199655 0.0200584 0.0201431 0.0202195 0.0202875
0.020347 0.0203979 0.0204401 0.0204735 0.020498 0.0205135 0.02052 0.0205173
0.0205053 0.0204841 0.0204533 0.0204131 0.0203633 0.0203038 0.0202345
0.0201553 0.0200662 0.0199671 0.0198579 0.0197385 0.0196088 0.0194688
0.0193184 0.0191574 0.0189859 0.0188037 0.0186109 0.0184072 0.0181926
0.0179671 0.0177306 0.017483 0.0172243 0.0169543 0.0166731 0.0163805
0.0160766 0.0157611 0.0154341 0.0150955 0.0147453 0.0143833 0.0140096
0.013624 0.0132266 0.0128172 0.0123958 0.0119624 0.0115169 0.0110592
0.0105894 0.0101073 0.00961287 0.00910613 0.00858701 0.00805546 0.00751144
0.0069549 0.00638581 0.00580413 0.00520982 0.00460284 0.00398315 0.00335072
0.00270552 0.00204751 0.00137666 0.000692942 -3.67836e-06 -0.000713227
-0.00143573 -0.00217122 -0.00291972 -0.00368125 -0.00445583 -0.00524349
-0.00604425 -0.00685813 -0.00768515 -0.00852532 -0.00937866 -0.0102452
-0.0111249 -0.0120179 -0.012924 -0.0138434 -0.0147761 -0.015722 -0.0166811
-0.0176536 -0.0186393 -0.0196383 -0.0206506 -0.0216761 -0.022715 -0.0237671
-0.0248325 -0.0259112 -0.0270032 -0.0281085 -0.029227 -0.0303588 -0.0315038
-0.0326621 -0.0338337 -0.0350184 -0.0362164 -0.0374276 -0.038652 -0.0398895
-0.0411403 -0.0424041 -0.0436811 -0.0449712 -0.0462744 -0.0475906 -0.0489199
-0.0502622 -0.0516175 -0.0529858 -0.054367 -0.0557611 -0.0571681 -0.058588
-0.0600208 -0.0614663 -0.0629246 -0.0643956 -0.0658794 -0.0673758 -0.0688848
-0.0704065 -0.0719407 -0.0734874 -0.0750467 -0.0766183 -0.0782024 -0.0797988
-0.0814076 -0.0830286 -0.0846618 -0.0863073 -0.0879649 -0.0896345 -0.0913163
-0.09301 -0.0947157 -0.0964332 -0.0981626 -0.0999038 -0.101657 -0.103421
-0.105198 -0.106986 -0.108785 -0.110596 -0.112418 -0.114252 -0.116096
-0.117953 -0.11982 -0.121698 -0.123588 -0.125488 -0.1274 -0.129322
-0.131255 -0.133199 -0.135153 -0.137118 -0.139094 -0.14108 -0.143076
-0.145083 -0.1471 -0.149127 -0.151165 -0.153212 -0.15527 -0.157337
-0.159414 -0.161501 -0.163597 -0.165704 -0.167819 -0.169945 -0.172079
-0.174223 -0.176376 -0.178538 -0.18071 -0.18289 -0.185079 -0.187278
-0.189484 -0.1917 -0.193924 -0.196157 -0.198398 -0.200648 -0.202905
-0.205171 -0.207445 -0.209728 -0.212018 -0.214316 -0.216621 -0.218935
-0.221256 -0.223584 -0.22592 -0.228264 -0.230614 -0.232972 -0.235337
-0.237709 -0.240088 -0.242474 -0.244866 -0.247265 -0.249671 -0.252083
-0.254502 -0.256927 -0.259358 -0.261796 -0.264239 -0.266688 -0.269143
-0.271605 -0.274071 -0.276544 -0.279022 -0.281505 -0.283993 -0.286487
-0.288986 -0.291491 -0.294 -0.296514 -0.299033 -0.301556 -0.304085
-0.306617 -0.309155 -0.311696 -0.314242 -0.316792 -0.319346 -0.321905
-0.324467 -0.327033 -0.329603 -0.332176 -0.334753 -0.337333 -0.339917
-0.342504 -0.345095 -0.347688 -0.350285 -0.352884 -0.355486 -0.358092
-0.360699 -0.36331 -0.365923 -0.368538 -0.371156 -0.373776 -0.376398
-0.379022 -0.381648 -0.384277 -0.386907 -0.389538 -0.392172 -0.394807
-0.397443 -0.400081 -0.40272 -0.405361 -0.408003 -0.410645 -0.413289
-0.415934 -0.418579 -0.421225 -0.423872 -0.42652 -0.429168 -0.431816
-0.434465 -0.437114 -0.439763 -0.442412 -0.445061 -0.447711 -0.45036
-0.453009 -0.455657 -0.458306 -0.460954 -0.463601 -0.466248 -0.468894
-0.471539 -0.474184 -0.476827 -0.47947 -0.482111 -0.484752 -0.487391
-0.490029 -0.492666 -0.495301 -0.497935 -0.500568 -0.503198 -0.505827
-0.508455 -0.51108 -0.513703 -0.516325 -0.518945 -0.521562 -0.524177
-0.52679 -0.529401 -0.532009 -0.534615 -0.537219 -0.53982 -0.542418
-0.545014 -0.547606 -0.550196 -0.552783 -0.555368 -0.557949 -0.560527
-0.563102 -0.565674 -0.568242 -0.570807 -0.573369 -0.575928 -0.578482
-0.581034 -0.583582 -0.586126 -0.588666 -0.591203 -0.593736 -0.596264
-0.598789 -0.60131 -0.603827 -0.60634 -0.608849 -0.611353 -0.613853
-0.616349 -0.618841 -0.621328 -0.62381 -0.626289 -0.628762 -0.631231
-0.633695 -0.636155 -0.638609 -0.641059 -0.643504 -0.645944 -0.648379
-0.650809 -0.653234 -0.655654 -0.658069 -0.660479 -0.662883 -0.665282
-0.667676 -0.670064 -0.672447 -0.674825 -0.677197 -0.679563 -0.681924
-0.684279 -0.686628 -0.688972 -0.69131 -0.693642 -0.695969 -0.698289
-0.700604 -0.702912 -0.705215 -0.707511 -0.709801 -0.712086 -0.714364
-0.716636 -0.718901 -0.721161 -0.723414 -0.725661 -0.727901 -0.730135
-0.732362 -0.734583 -0.736797 -0.739005 -0.741206 -0.743401 -0.745589
-0.74777 -0.749944 -0.752112 -0.754272 -0.756426 -0.758573 -0.760713
-0.762846 -0.764972 -0.767091 -0.769203 -0.771308 -0.773406 -0.775496
-0.77758 -0.779656 -0.781725 -0.783786 -0.785841 -0.787887 -0.789927
-0.791959 -0.793983 -0.796 -0.79801 -0.800012 -0.802006 -0.803993 -0.805972
-0.807943 -0.809907 -0.811863 -0.813811 -0.815751 -0.817683 -0.819608
-0.821524 -0.823433 -0.825334 -0.827226 -0.829111 -0.830987 -0.832856
-0.834716 -0.836568 -0.838412 -0.840247 -0.842074 -0.843893 -0.845704
-0.847506 -0.8493 -0.851085 -0.852862 -0.854631 -0.856391 -0.858142
-0.859884 -0.861618 -0.863344 -0.86506 -0.866768 -0.868467 -0.870157
-0.871839 -0.873511 -0.875175 -0.87683 -0.878475 -0.880112 -0.881739
-0.883358 -0.884967 -0.886567 -0.888158 -0.88974 -0.891312 -0.892875
-0.894429 -0.895973 -0.897508 -0.899034 -0.90055 -0.902056 -0.903553
-0.90504 -0.906518 -0.907986 -0.909444 -0.910892 -0.912331 -0.913759
-0.915178 -0.916587 -0.917986 -0.919375 -0.920754 -0.922122 -0.923481
-0.924829 -0.926167 -0.927495 -0.928813 -0.93012 -0.931417 -0.932703
-0.933979 -0.935245 -0.9365 -0.937744 -0.938977 -0.9402 -0.941412 -0.942614
-0.943804 -0.944984 -0.946152 -0.94731 -0.948457 -0.949592 -0.950717
-0.95183 -0.952932 -0.954023 -0.955102 -0.95617 -0.957227 -0.958272
-0.959306 -0.960328 -0.961339 -0.962338 -0.963325 -0.9643 -0.965264
-0.966216 -0.967155 -0.968083 -0.968999 -0.969903 -0.970794 -0.971674
-0.972541 -0.973396 -0.974238 -0.975068 -0.975886 -0.976691 -0.977484
-0.978263 -0.979031 -0.979785 -0.980527 -0.981256 -0.981972 -0.982675
-0.983365 -0.984042 -0.984705 -0.985356 -0.985993 -0.986617 -0.987228
-0.987825 -0.988409 -0.988979 -0.989535 -0.990078 -0.990607 -0.991123
-0.991624 -0.992112 -0.992585 -0.993045 -0.993491 -0.993922 -0.994339
-0.994742 -0.99513 -0.995505 -0.995864 -0.996209 -0.99654 -0.996856
-0.997157 -0.997443 -0.997715 -0.997972 -0.998213 -0.99844 -0.998652
-0.998848 -0.999029 -0.999195 -0.999346 -0.999481 -0.999601 -0.999705
-0.999793 -0.999866 -0.999923 -0.999965 -0.99999 -1 -0.999994 -0.999971
-0.999933 -0.999878 -0.999807 -0.99972 -0.999616 -0.999496 -0.99936
-0.999207 -0.999037 -0.998851 -0.998647 -0.998428 -0.998191 -0.997937
-0.997666 -0.997379 -0.997074 -0.996752 -0.996412 -0.996056 -0.995682
-0.99529 -0.994881 -0.994455 -0.99401 -0.993549 -0.993069 -0.992572
-0.992056 -0.991523 -0.990972 -0.990403 -0.989816 -0.98921 -0.988587
-0.987945 -0.987284 -0.986606 -0.985909 -0.985193 -0.984459 -0.983706
-0.982934 -0.982144 -0.981335 -0.980507 -0.97966 -0.978795 -0.97791
-0.977006 -0.976083 -0.975141 -0.97418 -0.973199 -0.972199 -0.97118
-0.970141 -0.969083 -0.968005 -0.966908 -0.965791 -0.964654 -0.963498
-0.962322 -0.961126 -0.95991 -0.958674 -0.957418 -0.956143 -0.954847
-0.953531 -0.952195 -0.950839 -0.949463 -0.948066 -0.946649 -0.945212
-0.943755 -0.942277 -0.940778 -0.939259 -0.93772 -0.93616 -0.934579
-0.932978 -0.931356 -0.929714 -0.928051 -0.926367 -0.924662 -0.922936
-0.92119 -0.919423 -0.917634 -0.915825 -0.913995 -0.912144 -0.910272
-0.908379 -0.906465 -0.90453 -0.902574 -0.900596 -0.898598 -0.896578
-0.894537 -0.892475 -0.890392 -0.888288 -0.886163 -0.884016 -0.881848
-0.879659 -0.877448 -0.875216 -0.872963 -0.870689 -0.868393 -0.866076
-0.863738 -0.861378 -0.858997 -0.856595 -0.854172 -0.851727 -0.849261
-0.846773 -0.844265 -0.841735 -0.839183 -0.836611 -0.834017 -0.831402
-0.828765 -0.826108 -0.823429 -0.820729 -0.818008 -0.815265 -0.812501
-0.809717 -0.806911 -0.804084 -0.801235 -0.798366 -0.795476 -0.792565
-0.789632 -0.786679 -0.783705 -0.78071 -0.777693 -0.774656 -0.771599
-0.76852 -0.765421 -0.762301 -0.75916 -0.755999 -0.752817 -0.749614
-0.746391 -0.743147 -0.739883 -0.736599 -0.733294 -0.729969 -0.726623
-0.723258 -0.719872 -0.716466 -0.71304 -0.709594 -0.706128 -0.702642
-0.699136 -0.695611 -0.692066 -0.688501 -0.684916 -0.681312 -0.677689
-0.674046 -0.670384 -0.666702 -0.663002 -0.659282 -0.655543 -0.651785
-0.648008 -0.644213 -0.640398 -0.636565 -0.632714 -0.628843 -0.624955
-0.621048 -0.617122 -0.613179 -0.609217 -0.605237 -0.60124 -0.597224
-0.593191 -0.58914 -0.585072 -0.580985 -0.576882 -0.572761 -0.568623
-0.564468 -0.560296 -0.556107 -0.551902 -0.547679 -0.54344 -0.539184
-0.534912 -0.530624 -0.52632 -0.521999 -0.517663 -0.51331 -0.508942
-0.504559 -0.500159 -0.495745 -0.491315 -0.48687 -0.48241 -0.477934
-0.473444 -0.46894 -0.464421 -0.459887 -0.455339 -0.450777 -0.446201
-0.441611 -0.437007 -0.432389 -0.427758 -0.423113 -0.418455 -0.413784
-0.409099 -0.404402 -0.399692 -0.39497 -0.390235 -0.385487 -0.380728
-0.375956 -0.371172 -0.366377 -0.361569 -0.356751 -0.351921 -0.347079
-0.342227 -0.337364 -0.33249 -0.327605 -0.32271 -0.317804 -0.312888
-0.307962 -0.303026 -0.298081 -0.293125 -0.288161 -0.283187 -0.278204
-0.273212 -0.268211 -0.263201 -0.258183;
#A 2000 -0.253157 -0.248122 -0.243079 -0.238028 -0.23297 -0.227904
-0.222831 -0.21775 -0.212662 -0.207568 -0.202466 -0.197358 -0.192244
-0.187123 -0.181996 -0.176864 -0.171725 -0.166581 -0.161431 -0.156276
-0.151116 -0.145951 -0.140782 -0.135607 -0.130428 -0.125245 -0.120058
-0.114867 -0.109672 -0.104473 -0.0992714 -0.0940661 -0.0888578 -0.0836466
-0.0784326 -0.073216 -0.067997 -0.0627758 -0.0575525 -0.0523273 -0.0471004
-0.0418719 -0.0366421 -0.031411 -0.0261789 -0.020946 -0.0157124 -0.0104782
-0.00524372 -9.05536e-06 0.00522561;
#X coords 0 1 2051 -1 200 140 1;
#X restore 359 34 graph;
#X obj 139 306 phasor~;
#X obj 138 375 tabread4~ waveform;
#X obj 139 351 *~ 2051;
#X msg 164 115 79;
#X msg 122 115 67;
#X msg 358 190 \; waveform sinesum 2051 1 0.5 0 0.04 \; waveform normalize
1;
#X connect 1 0 13 0;
#X connect 1 0 16 0;
#X connect 2 0 1 0;
#X connect 3 0 2 0;
#X connect 4 0 14 0;
#X connect 4 1 3 0;
#X connect 4 2 3 1;
#X connect 5 0 8 1;
#X connect 6 0 7 0;
#X connect 7 0 5 0;
#X connect 8 0 0 0;
#X connect 8 0 0 1;
#X connect 10 0 20 0;
#X connect 10 1 9 0;
#X connect 10 2 19 0;
#X connect 11 0 3 0;
#X connect 12 0 10 0;
#X connect 16 0 18 0;
#X connect 17 0 8 0;
#X connect 18 0 17 0;
#X connect 19 0 4 0;
#X connect 20 0 4 0;
#X restore 472 9 pd tone-generator;
#X obj 24 156 send pitchclass;
#X obj 153 53 receive pitchselection;
#X msg 153 77 C;
#N canvas 4 23 452 181 pitch-label 0;
#X msg 134 40 G G#/Ab A A#/Bb B C C#/Db D D#/Eb E F F#/Gb G;
#X msg 11 42 get \$1 1;
#X obj 11 67 list store;
#X obj 134 15 loadbang;
#X obj 11 16 receive pitchclass;
#X msg 11 93 set \$1;
#X obj 11 118 send pitchselection;
#X connect 0 0 2 1;
#X connect 1 0 2 0;
#X connect 2 0 5 0;
#X connect 3 0 0 0;
#X connect 4 0 1 0;
#X connect 5 0 6 0;
#X restore 471 36 pd pitch-label;
#X obj 9 197 receive key;
#N canvas 4 23 164 220 key-commands 0;
#X obj 31 17 key;
#X obj 31 39 route 32;
#X obj 31 70 t b s;
#X obj 32 142 send key;
#X msg 48 111 set 1;
#X connect 0 0 1 0;
#X connect 1 0 2 0;
#X connect 2 0 3 0;
#X connect 2 1 4 0;
#X connect 4 0 3 0;
#X restore 471 63 pd key-commands;
#X connect 1 0 4 0;
#X connect 2 0 0 0;
#X connect 5 0 6 0;
#X connect 8 0 2 0;
